# NGC_5139
# radius (arcsec)
2.28 
3.90 
4.33 
6.02 
7.10 
7.87 
9.47 
11.40 
12.40 
16.13 
18.20 
18.78 
28.80 
29.91 
40.23 
43.94 
45.40 
54.51 
63.38 
68.90 
71.50 
76.20 
78.80 
85.65 
92.19 
98.41 
100.22 
104.18 
109.72 
110.90 
115.15 
120.67 
121.02 
125.90 
131.32 
136.88 
137.77 
142.98 
150.20 
150.50 
156.41 
162.18 
177.90 
204.99 
228.86 
234.30 
236.84 
262.10 
273.98 
289.06 
311.98 
318.30 
344.67 
351.90 
378.47 
393.38 
409.93 
437.87 
440.61 
465.67 
491.58 
496.41 
529.88 
549.46 
564.21 
602.90 
614.34 
641.98 
685.55 
698.61 
733.17 
777.68 
804.83 
824.21 
885.95 
938.01 
1126.12 
1173.57 
1747.28 
1773.66 
0
