NGC_0104
radius (arcsec)
6.45
8.02
11.67
16.61
21.42
22.7
25.61
26.65
30.15
30.99
33.89
37.17
37.41
40.99
42.75
44.54
47.91
48.13
51.74
53.01
55.6
58.69
59.19
62.97
65.22
66.92
70.62
74.41
74.91
79.12
79.14
82.17
83.76
85.38
88.94
94.5
100
106.31
109.85
113.47
121.58
130.1
140.63
151.14
158.59
174.75
194.71
223.74
244.11
263.81
292.48
298.44
329.37
334.58
356.93
377.02
383.7
410.27
422.41
435.65
459.74
467.44
486.26
512.59
517.71
542.26
571.44
573.74
601.09
632.46
642.08
665.91
703.64
726.12
746.39
796.54
831.35
851.91
919.44
971.75
991.01
1076.29
1137.84
1180.7
1421.25
1705.71
0
