# NGC_5139
# velRMS (km/s)
18.40 
22.82 
20.78 
23.66 
18.23 
21.08 
20.90 
17.57 
20.43 
20.78 
18.22 
19.67 
18.41 
19.25 
19.54 
18.97 
17.98 
18.63 
18.28 
18.09 
18.50 
17.65 
18.19 
17.88 
17.55 
17.70 
15.97 
17.47 
16.70 
16.61 
17.31 
17.08 
15.07 
16.95 
16.81 
16.55 
15.14 
16.38 
16.11 
16.40 
15.14 
16.08 
14.85 
14.25 
14.81 
14.32 
15.62 
12.88 
13.99 
14.02 
13.75 
12.53 
13.71 
13.26 
11.98 
11.49 
12.38 
11.96 
12.48 
12.40 
11.81 
12.58 
11.41 
11.29 
11.36 
11.02 
10.66 
11.05 
10.55 
9.88 
10.35 
9.09 
9.88 
9.23 
9.54 
9.41 
8.35 
8.04 
7.42 
6.13 
0
